-0.026354817673563957
-0.030040454119443893
0.03137838840484619
-0.0312016811221838
-0.04309164360165596
-0.0018554397393018007
-0.013783266767859459
0.023767299950122833
-0.04203139245510101
0.004256782587617636
0.01269146054983139
0.017304815351963043
-0.006307864096015692
-0.024032363668084145
-0.016711579635739326
0.005556853022426367
0.02978801354765892
-0.023577969521284103
0.0010365849593654275
-0.015196935273706913
0.009384485892951488
0.004597577732056379
-0.01864275150001049
0.016648469492793083
0.0015107003273442388
0.028500564396381378
0.018428176641464233
0.006282620131969452
0.02211381308734417
-0.0408196747303009
0.04925119876861572
0.0172417052090168
-0.03445816785097122
-0.010097631253302097
-0.007428070064634085
-0.0018854171503335238
0.008298991248011589
0.008955337107181549
-0.004881573840975761
-0.008336856961250305
0.012577862478792667
0.02247985266149044
0.01760774478316307
-0.013505581766366959
-0.005225524306297302
0.0018743728287518024
-0.03276681527495384
0.01030589547008276
-0.010387938469648361
0.02211381308734417
0.01503284927457571
0.01722908392548561
-0.049503639340400696
-0.01494449470192194
-0.007510113529860973
-0.006765413098037243
-0.018996169790625572
0.023779921233654022
-0.020864231511950493
-0.009390797466039658
-0.012937590479850769
0.004288337659090757
0.01077291090041399
0.018882570788264275
-0.004184206016361713
0.008980580605566502
-0.002191501669585705
0.012678838334977627
0.010854953899979591
0.000775466556660831
0.01921074464917183
0.01657273806631565
0.007295538671314716
-0.023906143382191658
0.033953286707401276
-0.00936555303633213
-0.01864275150001049
0.010709800757467747
-0.0055473861284554005
-0.0033890176564455032
0.010526780970394611
-0.02632957324385643
-0.009895678609609604
-0.012861858122050762
0.006759101990610361
0.03544268757104874
0.0005466920556500554
0.039784666150808334
-0.026935432106256485
-0.0369320884346962
0.019791357219219208
-0.0038370999973267317
0.04609568789601326
0.006550838239490986
0.007592156529426575
0.012773503549396992
-0.024701330810785294
0.0361495204269886
-0.0007940051727928221
-0.0156008405610919
-0.011126327328383923
-0.0020226817578077316
-0.032741568982601166
-0.00908786803483963
-0.009605372324585915
-0.009403419680893421
0.023022599518299103
0.002652205992490053
0.020851608365774155
0.021293381229043007
-0.0075984676368534565
0.02622859738767147
0.013303629122674465
-0.025635361671447754
0.024335291236639023
-0.010930686257779598
0.03342315927147865
0.014641565270721912
-0.02465084195137024
0.0020542368292808533
0.017001887783408165
0.014742542058229446
0.006096445024013519
0.005175035912543535
0.003897054586559534
-0.017834940925240517
-0.027490802109241486
0.0012598372995853424
0.015878524631261826
0.03102497197687626
0.0325901061296463
0.02173515222966671
0.017582500353455544
0.025054747238755226
-0.01277981512248516
0.013455093838274479
-0.02220216765999794
0.002661672653630376
-0.03690684214234352
-0.0011888383887708187
0.02802092768251896
0.018327200785279274
0.0187437292188406
-0.009517017751932144
0.004304115194827318
0.02829861268401146
0.028147147968411446
-0.00594813609495759
0.0018491287482902408
-0.01387162134051323
0.021596308797597885
0.0010002966737374663
-0.006544527597725391
0.04331883788108826
0.009296132251620293
-0.01288710255175829
-0.011934137903153896
-0.01161858718842268
-0.019803980365395546
-0.018062138929963112
0.001150183379650116
-0.01461632177233696
0.012445330619812012
-0.01480565220117569
-0.0008235880522988737
0.018226224929094315
0.02726360410451889
0.014111439697444439
0.01401046384125948
-0.004670154768973589
-0.0005565530736930668
0.02306046523153782
-0.01929909735918045
0.007263983599841595
0.016067856922745705
0.006241598632186651
0.018857326358556747
-0.0011691163526847959
-0.012811370193958282
-0.020637033507227898
-0.02802092768251896
0.006405685096979141
0.021217647939920425
0.017935918644070625
-0.0223031435161829
0.008683962747454643
-0.017670854926109314
-0.009296132251620293
0.008633474819362164
-0.024385780096054077
0.0006050689844414592
0.01049522589892149
0.015108580701053143
0.022164301946759224
-0.6405937671661377
-0.005594718735665083
-0.02361583523452282
0.0022987888660281897
0.018781594932079315
-0.019602026790380478
0.006809590384364128
0.0234138835221529
-0.023830410093069077
0.0028573141898959875
-0.007459625136107206
-0.004603888839483261
0.006740169133991003
-0.030797775834798813
-0.014111439697444439
-0.03362511098384857
0.011126327328383923
0.0033101297449320555
-0.014553211629390717
-0.01619407720863819
-0.0231361985206604
-0.013291007839143276
-0.03238815441727638
0.0018791061593219638
0.04200614616274834
0.002448675688356161
-0.0035436374600976706
-0.01592901349067688
-0.0404915027320385
-0.01837768964469433
-0.0032028425484895706
0.03463487699627876
0.011972004547715187
0.010760288685560226
0.047080207616090775
0.007478558458387852
0.001468889880925417
0.02857629768550396
-0.02266918309032917
0.04016333073377609
-0.014641565270721912
-0.006055423524230719
0.02951032854616642
-0.008841738104820251
0.003524704370647669
-0.012704082764685154
0.0306463111191988
0.004032741766422987
0.011770051904022694
-0.008627164177596569
0.00258909584954381
0.008210636675357819
0.00015067559434100986
-0.0057524945586919785
-0.0032249309588223696
-0.015436754561960697
0.02033410593867302
-0.060838229954242706
-0.01245164219290018
0.0012771926121786237
0.0190214142203331
0.00970003753900528
-0.03794185072183609
-0.03473585098981857
-0.008021306246519089
0.028525808826088905
-0.013152165338397026
-0.002570162760093808
0.007087274920195341
-0.0004571544995997101
-0.006017557345330715
-0.0012164490763098001
-0.01621931977570057
0.005092992912977934
0.027213117107748985
0.013101676478981972
0.03082302026450634
0.007529046386480331
-0.003972786944359541
0.020674901083111763
-0.005878714844584465
-0.028273368254303932
0.011953071691095829
0.01741841435432434
0.00997141096740961
-0.0312016811221838
-0.006203732453286648
-0.02295948937535286
0.01489400677382946
-0.01705237478017807
0.025521762669086456
0.02220216765999794
0.00857036467641592
0.001390002085827291
-0.014830896630883217
0.005083526484668255
-0.026556771248579025
-0.006348885595798492
0.009031069464981556
-0.011574409902095795
-0.0017718187300488353
-0.011107394471764565
0.008633474819362164
-0.007718377280980349
0.008633474819362164
0.02201283723115921
-0.019993310794234276
0.009864123538136482
0.04008759558200836
-0.016358163207769394
-0.008210636675357819
-0.002836803440004587
0.003887588158249855
0.013972597196698189
0.02033410593867302
-0.023540103808045387
-0.002835225546732545
-0.002251456258818507
-0.009731592610478401
-0.02024575136601925
-0.003998030908405781
0.032564859837293625
0.0492764413356781
-0.005938669666647911
0.012723015621304512
0.0029456685297191143
-0.011183126829564571
-0.03768941015005112
-0.02417120523750782
-0.003900210140272975
-0.010753977112472057
0.000199585992959328
0.02287113480269909
-0.025269322097301483
0.007491180207580328
-0.01433863677084446
0.018579641357064247
-0.01798640564084053
0.003347995923832059
-0.019425317645072937
-0.024600354954600334
0.01630767434835434
0.020649656653404236
-0.019639892503619194
-0.009731592610478401
-0.0066139488480985165
-0.004332514945417643
0.005648362450301647
-0.021798262372612953
0.012596795335412025
0.009434974752366543
-0.009024757891893387
-0.019463185220956802
-0.010318516753613949
0.0058660926297307014
0.004676465410739183
-0.00768682174384594
-0.03604854270815849
0.02154582180082798
-0.030217161402106285
0.003496304852887988
0.0027752709574997425
0.0012464263709262013
0.01002821046859026
0.0030340226367115974
-0.034054260700941086
0.0007545612752437592
-0.016093099489808083
0.008362101390957832
-0.01705237478017807
0.01147974468767643
-0.04140028730034828
-0.009005825035274029
0.0220254585146904
-0.0057020061649382114
-0.021015696227550507
-0.0010539402719587088
-0.012823992408812046
0.009062624536454678
-0.018907815217971802
0.01274194847792387
-0.0031365768518298864
-0.021886616945266724
-0.009113112464547157
0.013429849408566952
0.0005723306094296277
0.010381626896560192
0.015992123633623123
-0.010091320611536503
0.026582015678286552
0.011921516619622707
0.011624897830188274
-0.028071414679288864
0.022328387945890427
0.03276681527495384
-0.002792626153677702
0.0031176437623798847
0.0184660442173481
0.0031476211734116077
0.027995683252811432
0.031353145837783813
0.028904469683766365
0.02436053566634655
-0.01002189889550209
-0.0008504099096171558
-0.030494846403598785
0.0011975159868597984
-0.003082933137193322
0.028702517971396446
0.005777738522738218
0.006023868452757597
-0.030469603836536407
-0.007768865209072828
-0.02145746722817421
0.008412589319050312
0.010552024468779564
-0.0035499485675245523
0.018251469358801842
-0.010476293042302132
0.022050702944397926
0.006576082669198513
-0.01780969835817814
-0.01231279969215393
-0.016509627923369408
-0.02567322738468647
-0.00622582109645009
-0.016989264637231827
0.03655342757701874
0.00988305639475584
0.0025244078133255243
-0.028904469683766365
0.002549652010202408
-0.02754128910601139
0.018402934074401855
-0.003811855800449848
-0.011069528758525848
0.00810334924608469
-0.0036193698178976774
0.011763740330934525
0.01827671378850937
0.007819353602826595
0.010369005613029003
0.0036099031567573547
0.006771724205464125
0.014363881200551987
0.0064593288116157055
0.015171690843999386
0.011738496832549572
0.0008788094855844975
0.0083431676030159
-0.020851608365774155
-0.002230945508927107
-0.018680619075894356
0.0009860967984423041
0.01288079097867012
-0.03506402671337128
0.006702302955091
0.013985219411551952
-0.001064195646904409
0.02165941894054413
0.020195262506604195
0.003723501693457365
-0.02051081322133541
-0.007428070064634085
0.03486207127571106
0.00838103424757719
0.003761367639526725
-0.004556556232273579
-0.0003453311219345778
0.009599060751497746
-0.011700630187988281
-0.011227304115891457
0.007617400959134102
0.002555962884798646
0.020573923364281654
-0.005272856913506985
-0.018970925360918045
-0.018970925360918045
-0.015121202915906906
0.0016976642655208707
-0.002434475813060999
-0.022631317377090454
-0.005459032021462917
0.016787312924861908
-0.006683369632810354
-0.005427476949989796
-0.0033069744240492582
0.019084524363279343
-0.020195262506604195
0.008961647748947144
0.01630767434835434
-0.0029724901542067528
-0.005313878413289785
0.019904956221580505
-0.0005987579934298992
-0.005282323341816664
0.022176923230290413
-0.00011172476661158726
0.006367818918079138
-0.0136822909116745
0.017910674214363098
-0.017064997926354408
-0.013391983695328236
-0.03387755528092384
0.020775876939296722
0.005373833235353231
-0.014780407771468163
0.007484869100153446
-0.018289335072040558
-0.012716704979538918
-0.01199724804610014
-0.019879711791872978
-0.0017639299621805549
-0.0020416148472577333
-0.006045956630259752
-0.006004935130476952
-0.010129186324775219
-0.0036162142641842365
0.0015588218811899424
0.0004528156714513898
-0.005714628379791975
-0.014124061912298203
-0.017468903213739395
-0.00923302210867405
0.03607378900051117
-0.0030371781904250383
0.011044284328818321
0.003575192531570792
-0.004600733518600464
-0.0010334295220673084
-0.016143588349223137
-0.04808996990323067
0.005727250128984451
0.00569569505751133
0.013328873552381992
-0.03521548956632614
0.010432115755975246
0.005440099164843559
0.015108580701053143
0.00786353088915348
0.015777548775076866
-0.020498191937804222
-0.02212643437087536
-0.01854177564382553
-0.000504487135913223
0.04180419445037842
0.016623225063085556
0.014767786487936974
-0.010886508971452713
0.005354900378733873
-0.005806138273328543
0.03334742784500122
0.009599060751497746
-0.044732507318258286
0.009201467037200928
0.002638006117194891
0.02706165239214897
0.004654377233237028
-0.008475699461996555
0.006443551275879145
-0.018036894500255585
0.0018081071320921183
0.011138949543237686
0.0016866200603544712
0.021343868225812912
0.03026765026152134
0.0020416148472577333
0.012300177477300167
0.01213609054684639
-0.012047736905515194
-0.019728247076272964
0.005140325520187616
0.013366739265620708
0.02117978222668171
0.03983515501022339
0.005881870165467262
-0.03604854270815849
-0.005692539736628532
0.018667995929718018
0.008387344889342785
0.00380554492585361
-0.011170504614710808
-0.01741841435432434
-0.04372274503111839
-0.03645244985818863
-0.007112519349902868
0.02595091238617897
-0.010223851539194584
-0.00728291692212224
-0.037235017865896225
-0.04056723415851593
-0.02462559938430786
-0.004102163016796112
-0.022795403376221657
0.002983534475788474
-0.011908894404768944
-0.02210119180381298
-0.029308374971151352
0.0239692535251379
0.019602026790380478
0.009043690748512745
0.01686304435133934
0.01565132848918438
0.021381733939051628
0.009119423106312752
-0.028273368254303932
0.006487728096544743
-0.030318139120936394
0.012401153333485126
0.009782080538570881
-0.004651221446692944
0.005373833235353231
0.014023086056113243
0.023161442950367928
0.01283030305057764
0.017645610496401787
0.01921074464917183
-0.016408652067184448
-0.011233614757657051
-0.005686228629201651
-0.014578455127775669
0.016408652067184448
-0.0021504799369722605
-0.00137028016615659
0.02867727354168892
-0.008866982534527779
-0.011031662113964558
-0.018049515783786774
-0.018150493502616882
0.029358863830566406
0.015815414488315582
-0.0037140350323170424
-0.007314471993595362
0.008027616888284683
0.02632957324385643
-0.028071414679288864
0.035922322422266006
-0.0023445438127964735
0.008873294107615948
0.026657747104763985
0.0013876354787498713
0.0027847373858094215
0.0016148322029039264
-0.011902582831680775
0.0013103254605084658
-0.04442957788705826
-0.0059355138801038265
0.009220399893820286
0.019362207502126694
-0.00025283521972596645
0.012792437337338924
-0.02885398268699646
0.007970817387104034
0.02249247394502163
0.02549652010202408
0.029863744974136353
0.01928647607564926
-0.021949727088212967
-0.009403419680893421
-0.016130967065691948
0.002615917706862092
0.026632502675056458
0.0034773717634379864
-0.014136684127151966
-0.011019039899110794
-0.003647769335657358
-0.015058092772960663
-0.010324828326702118
-0.011000107042491436
-0.02802092768251896
-0.0016029990511015058
0.013619180768728256
-0.008235881105065346
-0.002776848617941141
0.009434974752366543
0.0071062082424759865
-0.029182154685258865
-0.020283617079257965
0.0021804573480039835
-0.03478633984923363
0.009617993608117104
-0.0031034438870847225
0.008829116821289062
0.003086088690906763
0.01518431305885315
-0.0025843626353889704
0.02933361940085888
0.011220992542803288
-0.00182072923053056
0.008879604749381542
-0.016610603779554367
-0.013404605910182
-0.004913128912448883
0.007970817387104034
0.007857219316065311
0.013745401054620743
0.0016818867297843099
-0.012849235907196999
0.019349586218595505
0.025408165529370308
-0.008065483532845974
-0.01466680970042944
-0.019841846078634262
-0.02933361940085888
-0.0038244780153036118
-0.03221144527196884
-0.022454608231782913
0.011214681901037693
5.6158212828449905e-05
0.0035373265855014324
0.0183524452149868
0.02250509522855282
0.0008220103336498141
0.014225038699805737
0.02595091238617897
0.011233614757657051
0.003833944443613291
0.018958302214741707
0.0026600947603583336
-0.02408285066485405
-8.874871468833589e-07
-0.023476993665099144
0.007617400959134102
0.014414369128644466
0.022467229515314102
0.03907783329486847
0.0023713656701147556
-0.004348292481154203
-0.003253330709412694
-0.0015170113183557987
-0.05265914648771286
0.006377285346388817
-0.027339337393641472
0.0051245479844510555
0.018958302214741707
-0.007920329459011555
-0.017102863639593124
-0.02612762153148651
0.022694427520036697
-0.0008969536866061389
-0.02943459525704384
9.234796743839979e-05
-0.002746871206909418
-0.00970003753900528
-0.0027989372611045837
0.012685149908065796
0.0225808285176754
-0.006601326633244753
0.005528453271836042
0.04056723415851593
0.005651518236845732
-0.0035436374600976706
-0.008740762248635292
0.006172177381813526
-0.003729812568053603
0.029485084116458893
0.01995544508099556
-0.017001887783408165
-0.001341091701760888
-0.000860665284562856
0.03473585098981857
-0.00040863853064365685
-0.012066669762134552
0.012950212694704533
0.010154430754482746
-0.019261231645941734
0.011056906543672085
-0.010892819613218307
0.0012787703890353441
0.01903403550386429
0.019324341788887978
0.01040687132626772
-0.023678945377469063
-0.0438237190246582
-0.01873110607266426
0.02183612808585167
-0.006045956630259752
0.016597982496023178
0.024032363668084145
-0.023439127951860428
0.012823992408812046
-0.013316251337528229
0.003013511886820197
0.009384485892951488
-0.008892226964235306
0.014073573984205723
-0.01153023261576891
0.042763467878103256
-0.018251469358801842
0.001583277015015483
-0.008930092677474022
0.007491180207580328
-0.016509627923369408
0.026203352957963943
-0.01475516427308321
-0.008172770030796528
-0.016534872353076935
0.0220254585146904
-0.0028604697436094284
0.025319810956716537
-0.006323641631752253
-0.01685042306780815
-0.025029504671692848
-0.004884729161858559
0.012375909835100174
0.019538916647434235
-0.01277981512248516
0.0014681009342893958
-0.011650142259895802
-0.0035341710317879915
-0.04011284187436104
0.0025638516526669264
0.008513565175235271
0.004749042447656393
-0.02128075808286667
-0.009428663179278374
-0.01475516427308321
0.006203732453286648
0.014023086056113243
0.020106907933950424
0.0017686632927507162
0.024890661239624023
-0.022151678800582886
0.010791843757033348
-0.0034710608888417482
-0.006500350311398506
0.0071251410990953445
0.028702517971396446
-0.019614649936556816
-0.008198014460504055
0.0026537838857620955
-0.0062447539530694485
-0.013379361480474472
0.006853767205029726
0.0107350442558527
-0.027213117107748985
-0.0034584386739879847
-0.01231279969215393
0.02247985266149044
0.008854360319674015
0.0009987188968807459
-0.01921074464917183
-0.009946166537702084
0.01789805106818676
-0.010678245685994625
-0.009813635610044003
0.017393169924616814
0.008147526532411575
-0.015436754561960697
0.0013884243089705706
0.017468903213739395
-0.007352337706834078
0.00637413002550602
-0.012439019978046417
-0.00735864881426096
0.025029504671692848
0.007346027065068483
-0.021293381229043007
-0.00988305639475584
0.01354344841092825
-0.02070014365017414
0.02220216765999794
-0.0070557198487222195
-0.0030971330124884844
0.012634661048650742
0.049528881907463074
0.009472840465605259
0.0022135900799185038
0.006083822809159756
-0.033978529274463654
0.018314579501748085
-0.017860185354948044
-0.012009870260953903
0.005216057877987623
-0.025622740387916565
0.05144743248820305
0.04672678932547569
-0.017456280067563057
-0.004758508875966072
-0.018768971785902977
-0.0045218453742563725
0.022707048803567886
-0.005623118486255407
0.030621066689491272
0.010798154398798943
0.009409730322659016
-0.007390203885734081
0.00520343566313386
-0.0016471761045977473
0.02615286596119404
-0.03445816785097122
0.01602998934686184
0.004749042447656393
-0.02211381308734417
0.006929499562829733
0.017481524497270584
-0.0342562161386013
0.001439701416529715
0.029358863830566406
0.0025843626353889704
0.0012669372372329235
0.020384592935442924
-0.008778627961874008
-0.021798262372612953
0.004073763266205788
0.006689680740237236
-0.004537623375654221
0.02247985266149044
0.013404605910182
0.0031065994407981634
-0.010671934112906456
0.011069528758525848
-0.012230755761265755
0.0023303439375013113
-0.0016566426493227482
-0.005146636627614498
0.003420572727918625
0.0225808285176754
-0.0023587436880916357
-0.008778627961874008
-0.005929202772676945
-0.013556070625782013
-0.0011793718440458179
0.0005494531360454857
0.01269146054983139
0.005294945556670427
0.01630767434835434
-0.03632622957229614
-0.025256700813770294
0.0005257868324406445
-0.013997841626405716
0.013101676478981972
0.014780407771468163
-0.008463077247142792
-0.0019958599004894495
-0.006651814561337233
-0.0007711276994086802
0.0042031388729810715
-0.015853282064199448
0.020775876939296722
-0.0476103313267231
-0.019841846078634262
0.014124061912298203
0.013934731483459473
-0.024979015812277794
0.014553211629390717
-0.0012180268531665206
-0.05997993052005768
-0.014654187485575676
-0.033776577562093735
0.030419114977121353
-0.014515344984829426
0.0021899237763136625
0.037916604429483414
-0.0011659609153866768
-0.025976156815886497
0.013644424267113209
0.010886508971452713
-0.01048891432583332
0.02632957324385643
0.2320435643196106
-0.006910566706210375
-0.011132638901472092
0.04387420788407326
0.03632622957229614
0.0184660442173481
0.016787312924861908
0.009996655397117138
0.014187172055244446
0.012054047547280788
-0.00247076409868896
0.005683073308318853
0.0004524212272372097
0.0017197529086843133
-0.0018254624446853995
-0.0069610546343028545
-0.05846528708934784
-0.02933361940085888
0.0036856355145573616
0.015474620275199413
0.019059279933571815
0.02005642093718052
-0.015398887917399406
-0.01619407720863819
0.0034647497814148664
0.023918764665722847
-3.414360253373161e-05
0.0014988671755418181
0.009819946251809597
-0.009782080538570881
0.0055063646286726
-0.011006418615579605
0.004808996804058552
0.0186301302164793
-0.0015390999615192413
-0.00508037069812417
0.015992123633623123
-0.018693240359425545
0.018062138929963112
0.010798154398798943
-0.023489614948630333
0.02971228025853634
0.01734268292784691
0.008286369033157825
-0.022643938660621643
0.0017434192122891545
-0.003174442797899246
0.0014862450771033764
-0.021571064367890358
0.007806731387972832
-0.011713252402842045
-0.022341009229421616
0.03965844586491585
0.03344840556383133
-0.006143777631223202
-0.008078104816377163
0.025547007098793983
-0.003155509941279888
3.086483047809452e-05
0.010974863544106483
0.012407464906573296
0.025079991668462753
-0.009062624536454678
0.02145746722817421
-0.003811855800449848
-0.018604885786771774
-0.023489614948630333
0.036300987005233765
0.004878418054431677
-0.006872700527310371
-0.008551431819796562
0.03183278441429138
-0.00016438233433291316
-0.03006569854915142
-0.03867392987012863
0.0024628753308206797
0.05018522962927818
0.017670854926109314
0.008917470462620258
-0.007844597101211548
-0.014502722769975662
0.014086196199059486
0.009681103751063347
-0.030015209689736366
-0.0022956333123147488
-0.007730999030172825
-0.005465343128889799
0.005957602523267269
-0.005051971413195133
0.004004342015832663
0.017468903213739395
0.0006989454268477857
-0.022845890372991562
0.00761108985170722
-0.0049099731259047985
0.018390310928225517
0.013758023269474506
0.023350773379206657
-0.001830195658840239
-0.009378175251185894
-0.01630767434835434
0.01958940550684929
0.010861264541745186
0.00613746652379632
0.005127703305333853
0.0009237754857167602
-0.01549986470490694
-0.0012180268531665206
0.016345540061593056
-0.02303522266447544
-0.015171690843999386
-0.022530339658260345
0.014187172055244446
-0.013858999125659466
0.004143184516578913
-0.005651518236845732
0.010110253468155861
-0.009788391180336475
-0.024802306666970253
0.002251456258818507
-0.018402934074401855
-0.027288848534226418
-0.022984733805060387
0.013783266767859459
0.0016834645066410303
-0.018705861642956734
-0.00988936796784401
-0.005477964878082275
0.009712658822536469
-0.04440433531999588
0.009662170894443989
-0.0047364202328026295
0.00777517631649971
-0.008406277745962143
-0.005449565593153238
-0.005815604701638222
0.007705755066126585
-0.002944090636447072
-0.02220216765999794
0.003153932048007846
0.005825071129947901
-0.02192448265850544
0.0023934543132781982
-0.006752790883183479
0.019980687648057938
-0.0030545336194336414
0.0012401153799146414
-0.007806731387972832
0.02040983736515045
0.0002711766283027828
-0.016055233776569366
-0.015398887917399406
-0.02643055096268654
-0.01401046384125948
0.02746555767953396
-0.00025717404787428677
-0.028248123824596405
-0.005512675736099482
-0.008551431819796562
0.017935918644070625
-0.016055233776569366
-0.00091983110178262
0.02294686809182167
0.0023540102411061525
-0.025370299816131592
-0.01471729762852192
-0.15732109546661377
0.008892226964235306
0.006620259489864111
-0.049427907913923264
0.01910976693034172
0.009397108107805252
0.01760774478316307
0.015070714987814426
-0.037335991859436035
-0.007895085960626602
0.024108095094561577
-0.011763740330934525
-0.02116715908050537
0.013190031051635742
0.004802686162292957
0.010848643258213997
-0.015689194202423096
0.01246426347643137
0.034811586141586304
0.015070714987814426
0.008198014460504055
0.0022072792053222656
0.00366670242510736
-0.009630615822970867
0.013126920908689499
-0.0019374830881133676
-0.005102459341287613
0.01137876883149147
0.009706348180770874
-0.02040983736515045
-0.0009214088786393404
-0.01442699134349823
-0.0026174953673034906
-0.0014081462286412716
-0.004928906448185444
0.0064593288116157055
-0.007831975817680359
-0.005963913630694151
-0.021672042086720467
0.01977873593568802
0.018062138929963112
0.01582803763449192
0.01975349150598049
0.009447596035897732
0.001715019578114152
0.0012101379688829184
0.0010602512629702687
-0.023817788809537888
0.007062030956149101
-0.01541151013225317
0.017494145780801773
-0.00597338005900383
0.022265277802944183
-0.0007774387486279011
0.008500943891704082
0.019564161077141762
0.00881018303334713
0.020548680797219276
-0.0009853079682216048
-0.01288079097867012
-0.016799934208393097
-0.016560114920139313
-0.025635361671447754
-0.0038560330867767334
-0.020270995795726776
-0.0270868968218565
0.01232542097568512
-0.0010673512006178498
-0.016282429918646812
0.00027926263283006847
0.0018869949271902442
-0.007958196103572845
-0.014174549840390682
-0.010432115755975246
0.003650924889370799
0.011852094903588295
-0.008942714892327785
-0.016913533210754395
-0.013467716053128242
0.0028857137076556683
-0.017645610496401787
0.02360321395099163
-0.0217477735131979
0.0030608444940298796
0.0038591886404901743
0.010432115755975246
0.021684663370251656
-0.01855439692735672
-0.0006776457303203642
-0.027339337393641472
0.03175704926252365
-0.017670854926109314
-0.02249247394502163
0.0005332811851985753
0.001531211193650961
0.018390310928225517
0.016509627923369408
0.01471729762852192
-0.0008188547799363732
0.011366146616637707
0.008753384463489056
0.0019501050701364875
0.0034679053351283073
0.009939855895936489
0.011170504614710808
-0.008254813961684704
-0.012262310832738876
0.019513672217726707
0.009188844822347164
0.004755353555083275
-0.003029289422556758
-0.0037992338184267282
0.013366739265620708
0.01967776007950306
-0.014704675413668156
0.011176816187798977
-0.024777064099907875
-0.008677652105689049
-0.00884804967790842
0.005108770448714495
0.0421576127409935
-0.013404605910182
-0.04195565730333328
0.02539554238319397
0.005490587092936039
-0.01203511469066143
-0.07936738431453705
-0.0030182451009750366
-0.009378175251185894
0.00796450674533844
-0.007970817387104034
0.03890112414956093
-0.004666998982429504
0.008822805248200893
0.0005210535600781441
0.00583453755825758
-0.01546199806034565
-0.030494846403598785
-0.010116564109921455
0.0007813831325620413
0.02033410593867302
-0.02771799825131893
-0.02154582180082798
-0.023110954090952873
0.007882463745772839
-0.00810334924608469
0.012060358189046383
-0.002355588134378195
0.006506661418825388
-0.023401260375976562
-0.03587183728814125
-0.016610603779554367
-0.0028573141898959875
0.010507848113775253
0.0029788012616336346
-0.004569178447127342
0.013227897696197033
-0.04425286874175072
0.01373277883976698
-0.013657046481966972
-0.004035897087305784
0.012710393406450748
-0.04008759558200836
-0.0032154645305126905
-0.020283617079257965
-0.022643938660621643
0.0013245252193883061
-0.0013986796839162707
0.03458438813686371
-0.048392899334430695
-0.01452796719968319
-0.01373277883976698
-0.022328387945890427
0.0019927043467760086
0.0005246035289019346
-0.01931172050535679
-0.010059765540063381
-0.011422945186495781
0.003128688083961606
-0.010722422040998936
-0.008633474819362164
0.013909487053751945
0.01602998934686184
0.0312016811221838
0.0052981008775532246
0.010987484827637672
0.01621931977570057
-0.0004721431469079107
-0.009441285394132137
-0.008248502388596535
0.05846528708934784
-0.00045123789459466934
-0.02240411937236786
-0.0023145664017647505
-0.00884804967790842
-0.029914233833551407
-0.017077619209885597
0.013997841626405716
-0.005089837592095137
-0.004335670731961727
-0.032564859837293625
0.00749749131500721
-0.011075839400291443
-0.01489400677382946
0.004291493445634842
0.03473585098981857
-0.02698592096567154
-0.007276605814695358
0.02303522266447544
0.009485462680459023
0.008229569531977177
0.022050702944397926
-0.022997355088591576
-0.008822805248200893
0.00608697859570384
-0.021861372515559196
-0.01288710255175829
0.005683073308318853
0.003032444976270199
-0.022416742518544197
0.004865796305239201
0.031353145837783813
-0.006257376167923212
-0.015954257920384407
0.029838500544428825
0.004111629445105791
0.011454500257968903
-0.013972597196698189
-0.06962317228317261
0.020573923364281654
-0.02640530653297901
0.013795888982713223
-0.0011391390580683947
-0.006702302955091
0.013959975913167
-0.04422762617468834
0.0005675973370671272
0.013455093838274479
0.005689384415745735
-0.008084416389465332
0.006879011634737253
-0.005736717022955418
-0.014023086056113243
0.01705237478017807
0.024713953956961632
0.022517718374729156
0.029762769117951393
0.004856329411268234
-0.0093718646094203
-0.021306002512574196
0.019930200651288033
-0.02360321395099163
-0.027894707396626472
0.010148119181394577
-0.003950698301196098
0.013101676478981972
-0.004237849730998278
-0.00824219174683094
0.01629505306482315
-0.03137838840484619
0.0034363502636551857
0.014641565270721912
-0.012256000190973282
-0.027011163532733917
0.013253141194581985
0.024713953956961632
-0.010381626896560192
0.029636548832058907
-0.03205997869372368
-0.014919250272214413
0.0064593288116157055
-0.014464857056736946
-0.0331454761326313
-0.015575596131384373
0.01199724804610014
-0.00884804967790842
0.036200009286403656
-0.023073088377714157
0.02106618322432041
0.002486541634425521
0.00351523794233799
-0.007737310137599707
-0.019084524363279343
-0.033574625849723816
0.0004192883789073676
-0.010192296467721462
0.008033928461372852
-0.019526295363903046
0.031075460836291313
0.016421273350715637
0.02706165239214897
0.010653001256287098
0.026253841817378998
-0.0073397159576416016
0.015865903347730637
-0.0015383110148832202
0.013556070625782013
-0.027187872678041458
-0.010760288685560226
0.015790171921253204
0.00923302210867405
0.006386751774698496
-0.007604778744280338
-0.008936404250562191
-0.002625384135171771
0.0010657734237611294
-0.03402901813387871
-0.00034927550586871803
0.005121392663568258
-0.01928647607564926
0.01647176221013069
-0.011877339333295822
0.038446731865406036
0.0309239961206913
-0.0054527209140360355
0.005894492380321026
-0.01817573606967926
-0.011908894404768944
-0.036957331001758575
0.0004319104191381484
-0.012868168763816357
0.00015659217024222016
0.010640379041433334
0.006175332702696323
-0.0020132153294980526
-0.02342650480568409
-0.023678945377469063
0.01985446736216545
0.00123538204934448
0.008071794174611568
-0.013190031051635742
-0.029586059972643852
-0.021697286516427994
0.007983439601957798
0.013227897696197033
-0.025143101811408997
0.015020227059721947
0.00545587670058012
-0.014868762344121933
0.023830410093069077
-0.010829709470272064
0.014351258985698223
-0.02903068996965885
0.00032580638071522117
-0.01522217970341444
-0.03842148929834366
-0.046322885900735855
0.04945315048098564
0.009788391180336475
0.040996383875608444
-0.020359350368380547
-0.011587032116949558
0.02388089895248413
-0.017961161211133003
0.001577754970639944
-0.03238815441727638
0.029081178829073906
-0.011814229190349579
-0.022164301946759224
0.010716111399233341
-0.029156910255551338
-0.016509627923369408
0.009984033182263374
0.002559118438512087
-0.01575230434536934
0.025685850530862808
-0.027768487110733986
0.05937407165765762
0.01966513693332672
-0.008097038604319096
0.03291827812790871
0.02059916779398918
0.0018885725876316428
0.016168832778930664
-0.00428518233820796
-0.01575230434536934
-0.01231279969215393
0.023275040090084076
-0.01466680970042944
-0.008671341463923454
-0.01288079097867012
-0.020106907933950424
-0.018945680931210518
-0.018781594932079315
0.0014113017823547125
-0.011732185259461403
0.015537730418145657
0.005033038090914488
-0.03365035727620125
0.013013322837650776
0.015297912061214447
-0.02529456652700901
-0.00182704022154212
0.02557225152850151
0.024246936663985252
-0.011372457258403301
-0.010501536540687084
-0.015562974847853184
0.006998920813202858
-0.0053927660919725895
-0.01288710255175829
-0.01676206849515438
0.016623225063085556
-0.002661672653630376
0.0029393574222922325
-0.0032943522091954947
0.03556890785694122
-0.02360321395099163
0.02943459525704384
-0.011385079473257065
-0.008911159820854664
0.017935918644070625
-0.024789685383439064
0.00247076409868896
0.011385079473257065
-0.012924968264997005
